POLYGON ((47.11713513613516 47.02860661258846, 74.45012707163956 49.1064435421796, 72.69416689749032 60.74480051692185, 62.62360870399783 70.69453402457057, 59.218625490250254 73.70871305170353, 51.57887504176488 72.75871149576687, 48.58284986135861 59.35127423688152, 47.11713513613516 47.02860661258846))
POLYGON ((6.966657112480579 49.91408495158143, 0.3086829716062334 29.888433713772077, 6.314534749519751 24.554870251868177, 12.199791668475502 22.05304247423372, 28.161953985894694 38.59737356682723, 21.919879064929138 43.9054022973266, 6.966657112480579 49.91408495158143))
POLYGON ((83.13606300249393 42.182933852224416, 67.33194459053202 36.61182776479791, 81.19686777170672 6.235091705208074, 96.03203019785722 7.859973327985803, 94.75754800247117 34.023343482134585, 92.09393998198532 38.46959569401838, 83.13606300249393 42.182933852224416))
POLYGON ((25.601637268830444 76.52387447136867, 10.609825192176203 90.5160381296187, 3.3520117288896922 90.36786551769153, 3.2277295083762536 73.52489686090057, 5.671833872809218 69.42170646512824, 14.17570958959603 69.54282392714437, 19.744249812571724 72.56559047710425, 25.601637268830444 76.52387447136867))
POLYGON ((83.84284935540897 90.18113229433521, 67.75056894057495 99.31265321708138, 59.866681291208025 94.00701463083173, 56.732568035090104 83.9252242771727, 73.54525119935865 79.56975869055118, 83.84284935540897 90.18113229433521))
POLYGON ((68.17454043419768 14.848960879803375, 48.61148944621277 24.21223716941028, 54.68450844368292 3.617963448650219, 68.17454043419768 14.848960879803375))
POLYGON ((46.81242259469839 78.79631156916017, 53.57801518801871 94.23520004714594, 49.9571030631939 98.01163143505181, 24.914694950380134 99.30859939082845, 22.828200626426252 91.26595933076965, 26.360354290685695 85.67674584042797, 46.81242259469839 78.79631156916017))
POLYGON ((20.769311604891737 54.10662606579337, 37.27112357845169 40.056524838422604, 42.20861384380047 61.35629192938019, 32.1666147801869 66.05395548753546, 28.99756827000385 64.22843049657374, 25.969109092441666 61.77963479316323, 20.769311604891737 54.10662606579337))
POLYGON ((40.54952000810107 24.770050059534434, 34.19375407938753 30.999063447598296, 27.240490627818716 30.94299228620464, 13.335038623978424 20.115286875669526, 11.973960872136391 8.153320728912894, 19.150964982405572 5.604266952998516, 29.316512378962422 12.120847879402575, 38.923661692272894 18.92250526723692, 40.54952000810107 24.770050059534434))
POLYGON ((93.42412403227863 97.26965395544204, 81.04343466739577 71.56732186144495, 95.75399362353838 60.98678802783872, 97.28631606257765 64.18647504020186, 97.87912095698297 75.36190269325476, 93.42412403227863 97.26965395544204))
