POLYGON ((400.6789714055059 208.56088083441736, 329.1710548777336 192.72433348304043, 344.32975051897273 152.55208803721754, 378.91359306056637 147.46713478064567, 407.77298742515245 165.2296041111686, 400.6789714055059 208.56088083441736))
POLYGON ((474.63638789654374 713.9045572977427, 394.54105830181305 681.3915227626364, 402.1726759048425 661.942443271866, 437.49187082188746 628.1641334353956, 493.60559533635495 634.0977046818617, 474.63638789654374 713.9045572977427))
POLYGON ((707.0138350686155 377.6310091578742, 706.559338261685 299.2067491891792, 716.3431368924121 301.963712116415, 760.2153616869616 327.57990668670146, 768.8535935188652 351.5716528107827, 772.6104702122135 368.6316826485137, 776.6017307522546 419.92816370983167, 707.0138350686155 377.6310091578742))
POLYGON ((824.0369600113614 848.3723100159012, 758.7122227244295 876.3658936783796, 782.0182096086318 845.4324094003061, 824.0369600113614 848.3723100159012))
POLYGON ((92.85278702384481 606.404446703202, 118.99754163690857 682.3761296156705, 104.03432867795281 705.316030638158, 64.19109719349936 637.6425038972436, 78.28404123742571 616.8164298332025, 92.85278702384481 606.404446703202))
POLYGON ((0.4702170122822258 289.9554139340663, 1.8003489105253845 187.51178743822527, 62.72181951122957 187.44785626464179, 75.9523768758551 187.73299638507257, 78.26660864428648 239.1374809148018, 56.03819464786319 286.83479927343245, 43.66515609927135 302.2538006799837, 0.4702170122822258 289.9554139340663))
POLYGON ((812.8461988276396 135.28998797923043, 884.0745631715535 76.56897812851116, 888.8290917556625 89.35987597241191, 902.7090029073015 133.61733658856988, 903.04748540385 136.42052007875193, 898.8924901007919 163.91320744365788, 819.1928123781275 160.9816687648221, 812.8461988276396 135.28998797923043))
POLYGON ((591.298077547909 942.8918763786521, 623.4161442019805 924.8679530221467, 625.1185608281755 979.7062954716764, 624.5991672944539 986.8276509344292, 596.3921308128587 950.936730171323, 591.298077547909 942.8918763786521))
POLYGON ((14.060337126509669 902.52100419018, 40.19336330138157 882.194452902884, 90.79320122742762 920.7115926742415, 87.41063588168385 950.9120643843727, 75.76943278547287 983.7826425748823, 42.437045857094176 996.252917953862, 36.107154220441195 993.2341000842146, 22.813584011618037 978.766262978195, 14.060337126509669 902.52100419018))
POLYGON ((550.7462753201626 16.995750479224302, 545.81771977109 108.6887435240974, 511.7588924069686 92.89184280161055, 485.805215595603 27.748553397112687, 535.3769813738635 1.645603728604006, 550.7462753201626 16.995750479224302))
POLYGON ((916.3621733532581 551.4265059571105, 876.5497864236032 597.1221652425528, 855.9452856627103 589.9339313762647, 836.9403259899915 578.7451443266679, 819.0004372432969 562.639669657321, 859.0500315376657 519.4339926913868, 896.6551418941318 519.5700950909456, 916.3621733532581 551.4265059571105))
POLYGON ((541.5589248481198 432.52857034893344, 570.1208911502565 375.0974944544583, 614.1494523982157 377.7096330164059, 634.0809276099797 452.7718924591183, 610.3992899539534 455.77818466469176, 547.231161911953 455.5511818578333, 541.5589248481198 432.52857034893344))
POLYGON ((230.27769638801075 923.7887334422917, 197.79099344395036 847.2062004046114, 260.10928626433093 837.7915630786403, 261.40449999400704 867.6873897305034, 246.60261134802286 911.3459162302656, 230.27769638801075 923.7887334422917))
POLYGON ((349.59184534892154 380.54780308459533, 375.75944046870427 451.439196195477, 321.77628807431114 457.3556204803291, 294.3856746752378 449.55225050161386, 269.54263083941834 422.21280653136074, 281.62271333814493 403.7630596542392, 315.2464010177887 369.8770352219354, 349.59184534892154 380.54780308459533))
POLYGON ((920.0114546721934 339.1876743418081, 871.7676481814156 313.1304355830562, 872.3857067928657 277.07645721935967, 884.3857691350667 276.00692141388396, 927.8427511544982 304.17837766458086, 933.80196590814 309.07506023241984, 920.0114546721934 339.1876743418081))
POLYGON ((904.7505116159068 619.0335676754805, 896.706446225869 677.504002415994, 840.5808195407403 669.3985395971604, 818.1031216696059 622.2934097245331, 828.8409382533673 613.1217838776486, 865.1498885612008 605.6249469245885, 882.2495637903593 611.3271996919655, 904.7505116159068 619.0335676754805))
POLYGON ((211.84940861450775 19.589776614705734, 171.5708395048714 42.8329024762436, 159.16406445270715 26.098591800096106, 149.23078087003117 12.166233246890368, 199.98865951224732 1.3233234536262906, 211.84940861450775 19.589776614705734))
POLYGON ((567.9962079900886 773.869152720821, 552.6925650993907 698.0945566266432, 559.4345882171872 682.8173708334978, 629.9035983618197 681.3102530465584, 613.1203311738601 719.0971987806103, 567.9962079900886 773.869152720821))
POLYGON ((589.2057847989682 278.5241971959314, 557.1027492312899 258.5731593377937, 589.4068629308455 197.18909797870475, 621.7654184922986 203.28143487743932, 589.2057847989682 278.5241971959314))
POLYGON ((429.3149878707098 922.5460063540017, 505.302289966343 910.0439859122129, 476.14328704784725 961.4193261739916, 455.8835063794702 971.5028214094301, 441.48458890089125 953.6771273314737, 429.3149878707098 922.5460063540017))
POLYGON ((703.7514548621032 590.3927424792728, 753.5247708791283 616.5187467221995, 738.0564303462414 632.9391097151914, 697.6136162952564 673.0641460355131, 674.330661938736 653.8274693339043, 670.0145476856604 614.4946219048063, 671.6245485500307 602.078620151481, 703.7514548621032 590.3927424792728))
POLYGON ((952.7688491288745 803.3398438797511, 937.9566111415254 884.0722864718305, 865.9664327295006 862.6613682794235, 865.865571975598 803.2545912156763, 941.4650977287201 795.5151845595881, 952.7688491288745 803.3398438797511))
POLYGON ((181.49764981032303 592.4915397428731, 229.99239908239798 572.3519749726564, 283.8785709053803 568.913458174912, 254.01660036941132 641.6467359745114, 234.70964157247477 659.3822847256371, 218.79730924439122 639.761842184613, 181.49764981032303 592.4915397428731))
POLYGON ((635.1982748554557 92.02465408344985, 666.7890113299434 54.05418112811522, 695.8407503166176 69.66472394913636, 730.6359983318412 120.97566676299165, 661.4907668196096 130.74464530902762, 640.0148644924545 107.49455179099876, 635.1982748554557 92.02465408344985))
POLYGON ((325.0644059046136 986.6888270497401, 291.5479987743198 999.5421437829618, 252.9543691992382 981.3188240799446, 232.36370756944925 949.2081516835461, 244.46858144582896 931.6057966893856, 271.6408875884403 932.6283836466234, 324.2842035679542 969.4855148171263, 325.0644059046136 986.6888270497401))
POLYGON ((2.142190874207195 527.5925985530654, 64.97390636270694 481.05022360790497, 127.20016969346493 493.20656078487747, 150.78589493068839 544.0586507279393, 138.12786064820835 586.6753593224645, 112.66940656409386 597.0658028693804, 54.840195525777126 579.1787923456465, 2.142190874207195 527.5925985530654))
POLYGON ((452.99106159990464 540.1915085748979, 465.57833753053967 611.0635164837648, 426.3797546331033 593.7912458244942, 381.52865580156447 565.0281200131755, 391.7673647527744 545.0467888746027, 452.99106159990464 540.1915085748979))
POLYGON ((427.1941569834704 204.22061508548396, 421.73521181788595 163.00908021483707, 444.44521051095296 136.46108654690613, 475.9401833063773 140.31283148769035, 494.5438310901269 157.22683611162913, 492.36874970930677 193.84621405428015, 466.7520880420979 199.81315231617958, 427.1941569834704 204.22061508548396))
POLYGON ((282.7010885607535 36.764658638807624, 289.18201615912443 67.13784695229363, 279.0234622240497 83.14696075778383, 205.164281629018 89.6140900289324, 189.66816070051618 82.69328339256343, 221.11067413431275 35.800516711784525, 251.4449748495391 26.399601949343765, 282.7010885607535 36.764658638807624))
POLYGON ((141.56997797709124 370.172365799871, 114.17317422159724 291.15116979461, 180.07044728230582 257.25050097752865, 197.85133328340964 325.16956842115786, 141.56997797709124 370.172365799871))
POLYGON ((767.264757636416 907.5439290879763, 811.0952661050239 897.334461313569, 810.5792861536038 925.0782729469036, 806.2118117579381 946.6202833408254, 773.1943739778727 932.4049366950538, 767.264757636416 907.5439290879763))
POLYGON ((174.16146693112145 801.3081971697663, 191.92401774943735 743.6236897783319, 235.03510085848768 749.9660326604306, 260.5177595670528 793.5551006789356, 259.98237521208335 811.6117318244862, 183.16800697475887 821.8933094212533, 174.16146693112145 801.3081971697663))
POLYGON ((993.0128550462542 731.0350270370639, 924.8708584223006 713.5524861605896, 926.6797842560941 693.7249490159452, 964.7316070913081 640.8216928198528, 983.0823635125967 650.7564308949844, 993.0128550462542 731.0350270370639))
POLYGON ((357.3524516835006 47.598811804078764, 310.6768632111898 8.055615987739406, 321.9228000129707 3.9325598133210793, 362.54661188892356 0.5107956866662322, 415.5708806526753 18.21807997997982, 357.3524516835006 47.598811804078764))
POLYGON ((88.45743622047387 347.4037826554498, 134.14385820527187 413.406418812715, 105.85845851303166 442.90885527017645, 8.27588525885259 431.91319952299, 23.96753103279048 362.1017285446534, 33.50591062005259 338.8475973850685, 88.45743622047387 347.4037826554498))
POLYGON ((841.886048931174 463.4246674628363, 909.8016054384104 410.36037213161325, 914.6901856886288 442.42491973316146, 919.6431017259583 499.5513590535249, 913.5355566621263 506.18292646311534, 885.4854402219017 493.3816972326688, 841.886048931174 463.4246674628363))
POLYGON ((45.67109529272362 10.611736708221686, 84.41887472769028 65.8269385429524, 60.0185712258533 138.35345555759747, 38.007520689224194 146.36711503856802, 18.805480536267293 135.45778305044044, 10.082627883570616 111.03486887123715, 20.76661553341519 66.10794128930075, 45.67109529272362 10.611736708221686))
POLYGON ((466.42969272911273 789.0507494837136, 485.2864816448257 718.2300486848726, 519.9512330327686 724.7351076076344, 545.7136519117537 772.9322633880078, 497.2417274831036 806.5251870772113, 477.1659312517774 809.9486305277187, 466.42969272911273 789.0507494837136))
POLYGON ((379.28058883837247 382.5794534366966, 423.8245682374031 327.5199941577136, 428.6901376274854 339.09069238477485, 444.0300609070218 389.37073718011237, 429.47818124410196 402.2345491896826, 379.28058883837247 382.5794534366966))
POLYGON ((670.6092050258832 494.7907145205845, 693.3901098229849 568.338342186715, 645.6905537680822 583.3000871974108, 618.6000996813992 571.3344022637757, 613.0851846863686 558.7084006029687, 618.591887722327 524.7795573482092, 626.7027272276013 491.0814839016455, 670.6092050258832 494.7907145205845))
POLYGON ((993.0265744708934 44.54074583215495, 968.6725588159633 93.71200580025662, 919.6729141520333 107.43376917225977, 905.4785451354269 63.579785687443376, 903.2766818744449 51.01547902614245, 918.5451085805573 39.84103315983412, 993.0265744708934 44.54074583215495))
POLYGON ((71.18080369635149 868.4192944213856, 98.48985958103552 826.9023376018487, 162.80741844896318 876.0867621803316, 131.16057295125862 899.3435075417701, 105.15902862100224 895.4072063196909, 71.18080369635149 868.4192944213856))
POLYGON ((911.4047472900686 978.6313146094387, 923.5460174786741 914.3053043063579, 988.2333319699471 946.063578363184, 992.8451603829836 956.071491326456, 991.6870318624862 963.2250464992062, 986.5529791618858 970.4233475822141, 911.4047472900686 978.6313146094387))
POLYGON ((409.2141731232958 295.10221331246765, 438.0166538993499 233.6829976353958, 486.7313066070776 245.33240505047428, 470.0652417222384 278.4680325360287, 409.2141731232958 295.10221331246765))
POLYGON ((116.6160110322113 131.65366488625295, 146.40847299451542 118.09303895687474, 178.82137558332667 165.75955743208104, 181.766499002899 194.80086022185984, 177.9455363398159 232.54515814193323, 162.04309264057815 233.30886076520295, 142.32279715675423 222.51484958119838, 95.65817989957593 195.0095728429482, 96.20754084843975 165.11278275430996, 116.6160110322113 131.65366488625295))
POLYGON ((147.66555250563496 428.9709645705694, 260.2417608684864 431.5006427302026, 206.52080104818305 503.9397644605846, 183.73688422559852 503.7653853066441, 147.66555250563496 428.9709645705694))
POLYGON ((996.0575179596884 194.96027172404084, 999.4573305726345 270.75084129528625, 991.9964023445508 293.50751956827213, 938.1793787479693 268.8135564016925, 928.601579731693 237.12419303010722, 937.5073760523441 227.42479458815367, 985.3196880743621 199.67470510787655, 996.0575179596884 194.96027172404084))
POLYGON ((725.8406122438373 177.98978045801672, 804.7949655631946 200.662004386836, 772.4153364414445 242.3850311971839, 757.1993015191667 228.47020758420177, 725.8406122438373 177.98978045801672))
POLYGON ((477.88789656528087 591.2939870098505, 474.4547604771784 569.3076910209804, 494.5625479640853 544.2488188213322, 549.591733349264 543.556778078403, 554.3042898344338 565.1980502107226, 507.1246247151422 583.9416531093455, 477.88789656528087 591.2939870098505))
POLYGON ((601.9475214461481 844.3571771775087, 575.4555443266675 789.4376019618238, 611.9974449622482 757.9844399925963, 656.480113002649 773.5651305896946, 663.8638003363598 816.6288353505048, 601.9475214461481 844.3571771775087))
POLYGON ((773.6766318948434 565.6616148096263, 720.5538715883608 508.84962560845423, 783.6460338995331 461.553970819899, 806.8051754921755 486.1865941041993, 787.663505341066 552.2153987283166, 773.6766318948434 565.6616148096263))
POLYGON ((294.4202808935872 901.4414499380781, 361.15292633538286 889.4651449274846, 378.9746602870453 913.4787830403837, 326.2651518821492 908.8954584286728, 294.4202808935872 901.4414499380781))
POLYGON ((225.80368862780054 968.815115615825, 194.4668143082765 991.6510093588525, 174.18770040980058 988.3389197701846, 137.80865778282924 964.5992127910222, 127.69466651859274 932.4213446893127, 210.8284654284076 941.0922225771675, 225.80368862780054 968.815115615825))
POLYGON ((306.8315669619899 470.9329571181456, 344.2078730086536 523.3940664243188, 310.86137616124387 537.2337883865931, 270.83573196659427 535.10749346339, 238.89508692483597 523.8969550719883, 247.9939288848272 504.0625572013068, 306.8315669619899 470.9329571181456))
POLYGON ((316.61327077879474 315.4429552947244, 361.4814380601804 295.6372808965171, 378.1214595836292 314.62359747130307, 372.66030472439326 347.1131831268615, 365.8154631393644 349.08999987880975, 345.14818546907003 341.7673093413426, 333.5776760225871 333.1376517971144, 316.61327077879474 315.4429552947244))
POLYGON ((864.5413387474188 195.09556466760293, 920.2289571667724 214.40962481162285, 868.2582834380393 256.843299931515, 835.8907444746413 246.19120060083577, 851.1853607815931 199.8259369036569, 864.5413387474188 195.09556466760293))
POLYGON ((627.6026023750869 870.8763227821696, 687.0497191607518 831.0946210726781, 700.2135066022482 870.3812055876913, 697.75223912362 889.5268360410804, 641.9703676887902 908.5420815511767, 627.6026023750869 870.8763227821696))
POLYGON ((689.1142946771272 489.9924692159596, 653.7686251641853 433.21575147733927, 673.5061696351829 392.1137837506212, 728.4670740269995 407.262507504484, 750.9564167718996 439.86554904828404, 689.1142946771272 489.9924692159596))
POLYGON ((274.3449449430079 813.6498751814762, 301.51527927245326 772.5223754985402, 338.4281185648411 797.3041628957745, 354.99952031558445 828.5562493576593, 346.6461867059849 839.6883496219142, 298.2862734468572 844.804368338379, 274.3449449430079 813.6498751814762))
POLYGON ((672.7004654591879 2.2869981140256623, 763.5243457492556 10.243375804944499, 746.117212298607 61.233852420103815, 677.0727427605627 50.53510249383575, 672.7004654591879 2.2869981140256623))
POLYGON ((68.53156301031859 724.3351902902668, 30.050310527301892 732.9486721298282, 51.48118796774648 696.6011742282291, 68.53156301031859 724.3351902902668))
POLYGON ((802.0815260447483 363.1163749521171, 873.3230692539425 349.77585094294074, 886.446800189909 376.81331864974334, 880.9578123954193 390.2427332763593, 847.6648582393541 431.8448741970704, 816.8429935591689 399.412529179465, 802.0815260447483 363.1163749521171))
POLYGON ((416.3447123269656 929.0751143628767, 423.5831819223934 988.9287484194975, 390.40664422589765 999.216998107604, 377.68515073050867 998.6600947593811, 377.1304900003758 983.9960058000903, 387.9856609524576 951.0190391185708, 416.3447123269656 929.0751143628767))
POLYGON ((538.4206141454347 628.2963061681659, 533.1713613519528 608.5166496962654, 555.3191905051524 604.6831152304046, 591.7688347961548 600.4041881073277, 602.5886490096302 604.8242919141278, 577.6402090534737 655.7967838275821, 571.4523779942435 659.7458635165474, 538.4206141454347 628.2963061681659))
POLYGON ((728.6573728761969 796.8114880746849, 725.7156334795131 739.3327978385413, 818.4750318017385 757.0245134687422, 827.4363670251663 784.144338036724, 728.6573728761969 796.8114880746849))
POLYGON ((250.92068876900652 299.2033870861575, 207.03700702938076 268.1600721957423, 234.21357258604846 215.7918325317526, 245.6899184750313 204.93450286212567, 279.63998157164696 229.10421512488787, 294.2112961127392 257.2085779966961, 250.92068876900652 299.2033870861575))
POLYGON ((158.2339360352991 605.3793726191442, 212.77479039098878 662.5352737048008, 203.01709337210215 674.7694391332433, 170.00721049924715 701.4736135437147, 130.0942410656285 702.849848334093, 129.36282240686435 673.3745376396315, 132.11917442459665 629.8740346357449, 158.2339360352991 605.3793726191442))
POLYGON ((422.683271442451 127.7540400527859, 418.15204602805346 46.72528185246283, 463.75676895763416 49.95804441457863, 491.7433627420491 96.22544897845819, 422.683271442451 127.7540400527859))
POLYGON ((272.4384366361312 762.6400775635984, 237.3951462982714 726.7147185745637, 259.99092267077737 699.633753671259, 269.4254098789458 701.684090715669, 279.3223527532054 704.8670766203364, 285.4429138722284 710.0762119889371, 272.4384366361312 762.6400775635984))
POLYGON ((386.14022948476736 881.30734442013, 378.2932550329248 853.4434446741839, 384.0757065795709 835.8961147379583, 453.236990914326 828.70200715733, 427.5357921991778 863.4867233694455, 386.14022948476736 881.30734442013))
POLYGON ((148.47295750628976 737.6375817886085, 160.32984343238454 764.6012231806486, 144.40852020711958 799.1386182301303, 141.20119332125637 799.7110839156323, 98.88173983672533 790.6175134672419, 87.68252341674554 780.6348845616195, 80.64293083661755 754.625401748114, 100.26331519529386 733.5656155980442, 148.47295750628976 737.6375817886085))
POLYGON ((999.2252497914117 883.4658823449439, 967.0766984603176 865.6611161386412, 967.4341028925675 856.029534348801, 980.4660333625402 798.019626671434, 993.9968146299802 811.233370641035, 999.2252497914117 883.4658823449439))
POLYGON ((594.8372821003692 93.72205841488545, 568.9365532652959 60.28002030494761, 574.284738942839 25.209120656680795, 646.4350292738487 43.10084767717193, 594.8372821003692 93.72205841488545))
POLYGON ((985.0983905749072 525.9274317548592, 996.6643833618933 570.86222507512, 994.3699609980923 614.0523463267652, 964.211192495461 608.868343268901, 939.7716024444989 564.435823918613, 956.0543100455855 527.5521288141844, 985.0983905749072 525.9274317548592))
POLYGON ((211.40142851241328 113.18013252396042, 220.9656025412592 106.15731206033297, 285.45535790063 144.02049147313966, 284.98352561208753 145.58736153509744, 266.0438438779924 150.50097030183986, 228.60415988716264 158.60524193452596, 222.5287996921078 152.46180866666404, 211.40142851241328 113.18013252396042))
POLYGON ((792.5701670550771 123.05862065747452, 757.5168526958138 85.8854483274456, 758.4550665803276 70.92307044413026, 761.1435806552778 40.3102121149681, 844.946557879371 4.120949151021236, 868.940305107076 28.19636655298541, 864.6805553133612 49.863236126713176, 792.5701670550771 123.05862065747452))
POLYGON ((510.32521031332476 354.8373783469947, 477.5941790507652 346.7444698043921, 508.9687742171582 311.59925597547954, 552.980489149511 300.149561245358, 545.5687734388199 317.22754361918714, 525.4202390169696 351.92774842487796, 510.32521031332476 354.8373783469947))
POLYGON ((353.2779093506153 672.6355302446157, 302.6562063333601 662.3413699724908, 311.08553669102525 587.8605207855409, 348.9066281817405 596.516088477913, 353.2779093506153 672.6355302446157))
POLYGON ((16.603869208890345 644.6797003897391, 0.7948901170817813 649.824490115962, 0.9079290575796373 640.1309071080426, 13.151996935201748 629.7052097344085, 16.603869208890345 644.6797003897391))
POLYGON ((653.2234860788088 352.8513825024192, 605.9529440259303 335.71223188054597, 628.3701899032634 283.00807380765116, 648.6092144347175 284.14400504377613, 653.2234860788088 352.8513825024192))
POLYGON ((693.6912483369853 230.30397784145552, 657.0595821095305 249.348001150691, 667.5509470902517 187.2246326163425, 695.1675673140808 170.62409751089845, 693.6912483369853 230.30397784145552))
POLYGON ((407.96504759584604 455.294726709668, 479.07469395394276 434.15598831870284, 497.04007583888165 480.8720715524094, 482.8012049876508 496.26360211919575, 470.3180276392397 495.29193115136394, 407.96504759584604 455.294726709668))
POLYGON ((1.8999153655426815 788.1620828721948, 18.61893590931418 778.7066553361627, 46.67492328560841 814.1439812345263, 39.348043758395626 848.1263437475155, 34.91361206215948 856.4824522536497, 4.0518874585498965 794.6757504402792, 1.8999153655426815 788.1620828721948))
POLYGON ((938.7936519269257 339.3446784499524, 980.8313222630499 390.3002424695059, 946.0942343394232 375.2403801501272, 938.7936519269257 339.3446784499524))
POLYGON ((368.28488511847326 249.65204044041633, 349.92333102629425 263.86346428246264, 338.8270088886038 262.75058760432, 325.67805263625894 222.86274602032253, 352.8120228653092 216.385812938118, 368.28488511847326 249.65204044041633))
POLYGON ((466.28321086578137 855.0316438652814, 533.448011245994 831.1262089563172, 551.9913301415927 885.7589985217674, 555.0969236641462 897.2962470345363, 468.4571620513486 865.9499659845931, 466.28321086578137 855.0316438652814))
POLYGON ((550.7514050859995 201.5947587069411, 504.43832576787094 190.6281377975756, 508.52431618427084 169.15277671557106, 517.0726648647849 152.82106298119035, 521.3857972639822 145.90095111202416, 556.263669624146 162.70596389385395, 580.5619166499014 177.9715277806535, 550.7514050859995 201.5947587069411))
POLYGON ((951.5422810746555 483.37849265160946, 947.9279685892833 427.21117192043454, 986.2872186098821 463.37949058102265, 998.8566159209989 499.8267559980425, 951.5422810746555 483.37849265160946))
POLYGON ((300.99356548403887 83.87018094138521, 320.37071042839005 64.4413674162555, 383.21337060661307 84.57868819487501, 389.35439940463567 107.19006579598256, 349.78314281697953 115.92777260217501, 300.99356548403887 83.87018094138521))
POLYGON ((130.66661543704072 83.12982801443913, 89.03591147390321 0.414590863740405, 135.67406521977455 14.93373192196068, 158.63381102213293 54.10995561508347, 130.66661543704072 83.12982801443913))
POLYGON ((649.359324316674 734.5632916399529, 676.2546150769043 678.5259525278552, 680.9688946173452 695.3376063223945, 692.3380786942222 751.7207054226138, 685.7738486365055 765.027944076571, 649.359324316674 734.5632916399529))
POLYGON ((984.7910892605219 98.67897666189096, 987.360748388887 171.59154450426973, 951.9296787523458 170.29276388259706, 925.3649492654354 157.80106829417738, 935.4279429328016 126.89342519365054, 963.3085827280775 105.79928824136242, 984.7910892605219 98.67897666189096))
POLYGON ((239.0105558699519 308.26174466394417, 252.03234245804495 377.86496581867755, 244.3650172263553 381.0674725273171, 211.45759113488617 377.98028942231866, 207.71870695304762 358.0418840867968, 219.79501660903478 336.4698291690562, 239.0105558699519 308.26174466394417))
POLYGON ((835.8755083930148 994.4476787418286, 813.6887938299105 952.0389471205873, 832.8769933636651 923.0027953179756, 889.875944286981 919.5435184611043, 861.67998638681 973.6883046336, 835.8755083930148 994.4476787418286))
POLYGON ((764.5569544374384 302.8826388276696, 795.9537749117178 260.22945867382487, 846.5499658320392 294.78950711384164, 841.5952605802113 328.39299455482416, 799.5313467870059 335.9546155236157, 764.5569544374384 302.8826388276696))
POLYGON ((598.1470237962977 135.78818114186498, 618.5852723959182 116.69781454335293, 652.6792260058892 177.8608327272061, 604.8191861238387 167.62769191541116, 598.1470237962977 135.78818114186498))
POLYGON ((738.2679043145258 698.3782713515719, 751.8265884450095 684.7757198351461, 788.5861199482245 685.6808881243912, 868.0714671964201 734.9222240376665, 856.1420590251364 736.5423320950206, 785.1302405908896 732.4941394515364, 738.2679043145258 698.3782713515719))
POLYGON ((520.4480780485678 960.7739897684976, 527.7760897114107 935.9279417773415, 563.4106668156476 944.3757141004098, 582.358481409733 985.5251071299838, 579.4041668268111 997.0469820510392, 550.8204784466504 980.9544937445089, 520.4480780485678 960.7739897684976))
POLYGON ((331.50032695063703 724.2765599035603, 349.7588104534801 702.6098942502118, 386.5426949838806 713.4449956669024, 405.6352795921572 724.526795113139, 425.69663708456994 770.6170255090044, 367.91180718799757 759.0336066286692, 331.50032695063703 724.2765599035603))
POLYGON ((743.3387363122786 931.0201498736449, 731.9094752610462 989.1318018936859, 688.1316477395333 957.8187381395395, 669.8925361922544 940.6043618584879, 696.8452042293414 921.7955337004712, 743.3387363122786 931.0201498736449))
