POLYGON ((669.7043672408562 485.1261594312104, 660.9667307739113 451.3620512995274, 692.3279301821002 448.80982504771896, 760.9025100356704 462.01678791394875, 758.4599616927864 478.02533316988473, 743.1989136622246 506.74666173997497, 669.7043672408562 485.1261594312104))
POLYGON ((80.97974013313814 527.1173056883865, 111.28142792068441 479.8404644777824, 170.03214478805074 482.8154034402945, 93.36992302089287 536.0271876754983, 80.97974013313814 527.1173056883865))
POLYGON ((500.9151472683311 961.6208755761053, 532.3864112077999 944.1086838172077, 590.6942085963439 996.3739954104535, 554.9817414147868 997.8746178401402, 509.33262718244123 988.5276303936614, 500.9151472683311 961.6208755761053))
POLYGON ((613.4224798629257 210.84043182403335, 585.4370748026824 145.95595277164176, 615.0942834156349 134.13557510420182, 663.2722228106547 139.7781599233966, 707.2820769955099 194.64614223068077, 613.4224798629257 210.84043182403335))
POLYGON ((926.7990641502553 792.0890821274185, 953.5462833469759 769.6767794057384, 994.9889696308879 801.5199556223696, 975.3420807028958 825.3694036924828, 958.6825337417072 843.3313012952199, 930.5653797376021 837.5483334982861, 926.7990641502553 792.0890821274185))
POLYGON ((289.7715995685253 167.2194465244925, 338.13127679920495 207.62360819795978, 317.4289148185268 250.69036194444416, 274.36601253300086 266.1042796148515, 260.0124647964488 265.0907979838936, 255.7159843098189 228.45198274646006, 257.7258380649754 190.40459413478905, 259.3131069172886 180.01642758840742, 289.7715995685253 167.2194465244925))
POLYGON ((282.2587562071036 945.5301675678093, 325.7726536765434 913.7708251585032, 343.6806242462779 973.0188224590255, 329.9873871506653 996.6257844487233, 320.01272465088584 990.4389231712069, 282.2587562071036 945.5301675678093))
POLYGON ((891.8856135898841 183.71792741193227, 834.0251403749359 139.36506521542591, 840.8330435694719 128.91597991734338, 893.9155704922025 161.37012351423908, 891.8856135898841 183.71792741193227))
POLYGON ((455.6880523097484 664.5095082414784, 447.84611185808257 666.4146192613348, 396.75100637715985 642.7091647130414, 391.55241023569545 559.9742650263488, 405.7011307309778 576.3178590923079, 455.6880523097484 664.5095082414784))
POLYGON ((675.5229905181582 794.0738531102453, 753.1789079070325 820.589188929648, 715.6400591990928 873.4521938524152, 688.7352486675484 869.2983995085393, 675.5229905181582 794.0738531102453))
POLYGON ((942.5240877216883 544.8053943969239, 933.5567283864928 483.90035235332084, 951.7851895037754 432.1204378950174, 982.96275525041 415.2092077762607, 984.9520435424757 420.7700228728476, 986.7136403867678 481.29203516266796, 978.4452546907174 507.77432635660216, 942.5240877216883 544.8053943969239))
POLYGON ((446.2040902496652 329.0332442000369, 436.6003777679699 384.74159957039967, 382.11617164186293 387.5379831300014, 374.4322618772695 377.7436113671314, 372.45441989078995 371.3694582788643, 368.81290649530916 356.66593077455667, 443.5393111036714 321.30478037490275, 446.2040902496652 329.0332442000369))
POLYGON ((104.05000349443594 906.1978185276066, 15.297335050399209 914.9326629572315, 16.076026999144567 877.1147368297625, 31.51373145050995 821.2302728806152, 98.28467363742821 853.7470260785143, 105.96144786080974 865.0374200469586, 104.05000349443594 906.1978185276066))
POLYGON ((10.738628314036713 181.0266291829603, 48.69070384087315 173.68277101943607, 36.574744488461434 205.0544910419948, 24.955229806206237 225.83493862686822, 11.364812909569144 197.05949423898505, 10.738628314036713 181.0266291829603))
POLYGON ((470.65927723188094 143.6888603706037, 498.2956920224462 74.28977146858406, 523.762035359944 105.48777785125041, 532.1439334960232 115.96785056629699, 545.1056778742718 150.9431670601886, 501.2029127328332 150.80858017819688, 477.4246412231209 148.59807227861276, 470.65927723188094 143.6888603706037))
POLYGON ((797.515782872989 762.9042640794308, 747.5709592134343 747.9338675249182, 817.7400485222028 667.4666513730305, 850.3724656206693 662.7035916950636, 861.7403522035686 681.699407521336, 867.066669442221 735.3693688763335, 797.515782872989 762.9042640794308))
POLYGON ((315.31515810751154 676.9579757712592, 354.2591956919807 649.5164299523682, 375.6503477653199 654.26363712426, 398.895578320407 671.0633950197447, 397.9585226280452 706.1541774964163, 371.21441305552383 723.9273823370759, 337.89708580065326 709.2749522150699, 320.9606973316864 692.9372266487651, 315.31515810751154 676.9579757712592))
POLYGON ((546.6026564120245 703.2814420957949, 557.4353472740002 708.374333717477, 548.2994614900623 746.57161748055, 538.2989515686918 760.8773039654835, 520.486083157194 776.1123724517794, 494.797022379348 788.0325489305552, 514.1602960706131 716.8856377035347, 546.6026564120245 703.2814420957949))
POLYGON ((243.5133060402509 73.75682672658878, 259.68503345678374 122.24737818266685, 214.87605197171922 149.74732277755388, 181.83710732341618 115.71000331109194, 193.10306008254108 84.54780547397434, 243.5133060402509 73.75682672658878))
POLYGON ((140.41761523434494 716.1399270461134, 117.11038412482 689.1062483061589, 125.82497526529069 668.9080320398392, 187.2766632511954 671.4011055710798, 186.53783440207138 700.0181586559892, 140.41761523434494 716.1399270461134))
POLYGON ((856.1343424543893 431.37214429120587, 911.5959755529005 406.3246184379883, 936.9839752132207 422.5611484046308, 920.3683406301382 489.80751830006443, 906.9079744933226 503.268051925156, 899.1546061704895 496.29924600393815, 856.1343424543893 431.37214429120587))
POLYGON ((413.93481339067193 486.44849045384154, 376.47095913892434 520.7651830060009, 342.2227941396415 501.20784671545124, 326.26314042887236 461.045669458811, 333.45999915182557 446.4536013306415, 347.0260847069436 452.888237052182, 413.93481339067193 486.44849045384154))
POLYGON ((642.9073296542385 82.62068841938508, 614.3989314638707 22.54249105301287, 621.1408438719097 7.271628920472617, 655.6832782978759 10.339400377867847, 693.9753782251703 18.43618956429971, 677.4281161898573 45.67841779103843, 642.9073296542385 82.62068841938508))
POLYGON ((635.02626386669 526.9757561299832, 592.8959400930353 551.444134677684, 565.3076071192603 544.1083252634986, 548.397911814311 517.5229976289005, 541.487547767166 476.14127788304216, 547.7509893156828 470.60296754369347, 600.0254369319962 469.6690366363521, 610.758094436033 483.55903079033493, 635.02626386669 526.9757561299832))
POLYGON ((57.00011080619915 410.6701052416455, 2.142783698442785 425.3739739949211, 8.004550390482535 374.82932003768974, 32.176749979874856 364.88160597313214, 57.00011080619915 410.6701052416455))
POLYGON ((587.8743393808301 579.9428244456241, 637.6266639525033 543.8886136951724, 671.4755221316129 650.4948985224861, 647.453843450277 648.8348742448852, 629.1476104754763 642.5081617358927, 591.7846721490996 600.1850731460312, 587.8743393808301 579.9428244456241))
POLYGON ((793.2912487444096 964.5275004580224, 792.0175580186902 917.7160508359344, 876.1030089657974 873.9742319174749, 891.3447650373845 893.9756873578398, 882.8428883174374 940.9800555077744, 873.4119462231836 959.2775604045249, 839.6353994778473 989.9154895767082, 793.2912487444096 964.5275004580224))
POLYGON ((898.7013996262644 339.59426142642513, 965.8020868504701 330.1077336609849, 994.3319010467296 349.70351608572804, 995.8900592170048 369.7838421692251, 981.811911461025 382.0607470755748, 938.6408266488241 404.14661880914747, 900.3748639024237 350.54114097440356, 898.7013996262644 339.59426142642513))
POLYGON ((397.68042170338725 961.3794427457834, 349.952051248784 903.8294297431668, 415.5241877016463 891.5722877930401, 436.6664926744783 902.8880810507947, 422.61466674154724 958.7920428667102, 397.68042170338725 961.3794427457834))
POLYGON ((240.38675831908708 766.5060835060551, 236.6982086583308 712.1064558371842, 252.04885945741228 705.907649568082, 296.23777744366464 708.8640077352615, 310.1726850379475 714.6383037760266, 318.1256667364354 729.2344981519626, 299.94468939149675 766.5025856724615, 283.8133477040664 781.5462598595133, 240.38675831908708 766.5060835060551))
POLYGON ((524.1301491094831 395.2234719951707, 466.61671790022785 323.7582829624226, 512.7795558483704 323.21662178187995, 539.7075993323424 325.8017623851102, 540.3957250679325 367.7279395562098, 524.1301491094831 395.2234719951707))
POLYGON ((579.4092323132697 232.2729623971539, 639.7988316938496 237.9533122809191, 646.0571701513118 267.6675272360539, 648.0262585219936 316.15451885405355, 581.3743057940943 310.1248830860722, 552.8588028395814 296.1892174960604, 553.1996533941052 277.19471685097375, 579.4092323132697 232.2729623971539))
POLYGON ((816.3521380777987 73.64156988741088, 819.2209839836047 138.08061163393137, 792.2625160682173 142.75468671504177, 769.1313086975285 144.8944938446698, 757.8653432563431 102.53104547821157, 770.9598375089508 90.3173173655789, 797.57769355305 78.1919246509728, 816.3521380777987 73.64156988741088))
POLYGON ((182.35785148997164 342.22061681030004, 192.4105276009096 328.0004094214737, 242.53885893922157 380.0071685922466, 237.9764893994445 392.1876017544952, 199.55784026445133 414.1007788250943, 184.86350308908683 370.61999058211546, 182.35785148997164 342.22061681030004))
POLYGON ((24.03559515047471 4.193871801151161, 87.58336286073565 3.5528994493718713, 29.112329142183203 36.223366166061254, 24.03559515047471 4.193871801151161))
POLYGON ((348.2516355219941 183.51309536223448, 325.6858718112828 128.264064245741, 329.2561738337301 109.3171571047148, 347.8480595287672 87.43473912980836, 371.1425647317729 113.5285144309689, 369.2647328016867 141.03642582370634, 348.2516355219941 183.51309536223448))
POLYGON ((799.5486218378205 271.5586654786639, 794.6003642704928 323.0783043634574, 717.7070539926269 328.05510729376584, 697.9759051914538 295.15262220678306, 689.2282486756538 256.8445983033468, 715.3973780696981 229.35932584655305, 747.3620039912264 240.4458614110906, 789.0847053131268 259.004040862722, 799.5486218378205 271.5586654786639))
POLYGON ((300.8193124810643 513.4589958381596, 323.4139719779102 556.6193172750206, 289.19281611306525 587.2209607499585, 249.15713092196302 585.2478243740397, 228.53055879138097 572.6453438287857, 240.921239253847 556.7427141813197, 300.8193124810643 513.4589958381596))
POLYGON ((598.6993193788051 746.8922896729033, 629.9475420885371 697.4198174819056, 681.9506376064694 721.7320477233504, 692.8011672447705 769.6723114699066, 642.6236946849594 772.9632934948175, 598.6993193788051 746.8922896729033))
POLYGON ((833.0131820473849 618.647995973372, 810.3267317167523 543.7495767719905, 841.2835339952119 536.3866457171829, 882.0592466306997 566.8261639505083, 865.3878235207109 590.0430449134245, 833.0131820473849 618.647995973372))
POLYGON ((108.47452803069768 924.3459568282528, 132.8153559749956 968.464060573777, 113.33084944192318 987.3584259138137, 78.17900905909158 992.5960845606942, 21.206226990491018 998.0013455517592, 24.364638058112952 952.4500428507373, 108.47452803069768 924.3459568282528))
POLYGON ((118.88764325398759 181.653907997237, 80.88564688315714 142.05509893893964, 129.02067950614503 125.14133344156464, 149.0250485331871 126.76923478027203, 169.13688729202246 152.69940331080113, 118.88764325398759 181.653907997237))
POLYGON ((21.020307328357134 317.22860234389395, 24.724394016559238 270.8105774543338, 54.90821555065606 274.2531876922253, 79.21368703890941 315.4183845014169, 51.28863988288279 340.86737084790883, 21.020307328357134 317.22860234389395))
POLYGON ((911.9002386052591 225.66862513754893, 987.1703759460985 204.09182530593327, 995.47966934997 282.2083476644048, 997.1642011187114 302.07037620014677, 952.7145280608593 294.6266941339094, 927.7603593091377 269.4377507245002, 911.9002386052591 225.66862513754893))
POLYGON ((10.937990271775888 545.3593840290629, 4.089469634512288 524.6996780735305, 13.792218434565463 469.87909191732035, 26.325177576437376 463.21747619441356, 59.544227827306614 467.86962235875006, 70.68557259269126 486.87760006335054, 54.410853825268 520.059445231404, 10.937990271775888 545.3593840290629))
POLYGON ((809.128771276135 638.0544883746902, 737.5428409697354 693.7082741829447, 720.3415492145091 682.4031216339728, 714.9920314289319 647.2604642433544, 758.4987854048134 603.3133787459197, 809.128771276135 638.0544883746902))
POLYGON ((446.0385670361242 281.0119662494532, 399.3229782530504 236.66443053801922, 412.8826780296083 217.42274094242586, 438.03098712152354 192.80461384071378, 456.43028902118664 222.02582372237333, 464.28959301614793 279.29137752200927, 446.0385670361242 281.0119662494532))
POLYGON ((814.896315371827 299.6378401799359, 880.0086362553421 232.31069774404034, 904.0996304707666 260.8998527192692, 897.5127975490749 285.3145510483155, 842.606868342616 326.0816008157246, 814.896315371827 299.6378401799359))
POLYGON ((286.9958070275811 283.26352978238845, 308.5816512593951 325.40045320007084, 273.01268517951524 365.37405617367733, 231.09834528844831 326.5852504429385, 233.22972851388224 318.0180698219678, 238.44801740267428 311.5244515662486, 286.9958070275811 283.26352978238845))
POLYGON ((894.9682319033234 9.347493970130238, 888.7347974036861 63.97010449462881, 884.9182111096106 68.67759840819888, 877.404068597949 76.17402356967173, 861.2714158799092 85.15641669582664, 846.5667086661349 78.04672574331795, 830.1927073029686 26.739083273113362, 845.3868216692508 6.362090905786211, 866.6047406081332 3.2768236262428196, 894.9682319033234 9.347493970130238))
POLYGON ((661.1653188482591 430.685768027399, 667.7978535234039 369.2080550400062, 690.0956893390429 344.42397891743815, 723.9927709448493 365.73656921204423, 746.8284481752436 403.0206901940296, 726.9430773814526 417.47269436659894, 661.1653188482591 430.685768027399))
POLYGON ((629.7035708690637 994.2361982930355, 582.0520793902646 914.2098101868991, 609.3272278585415 877.9398712317567, 658.9525925955147 906.0764185721482, 670.3831686612231 943.4831238621567, 629.7035708690637 994.2361982930355))
POLYGON ((978.494689828772 935.459886975264, 920.738866186336 878.2464069177869, 926.8965946699311 874.934072963365, 966.8181060836845 862.5881965248196, 977.3776491434709 870.0876116630205, 978.494689828772 935.459886975264))
POLYGON ((146.91058415371018 57.95402962075258, 139.62272237873142 16.265178801894375, 140.06690151179214 14.179591367902699, 206.98695999500094 39.64702297042189, 215.16028909559836 57.55059617967018, 185.69520187533817 65.99224966523187, 176.08819568639643 67.79800342941067, 146.91058415371018 57.95402962075258))
POLYGON ((996.0741947372893 47.12105126274668, 971.17024135416 33.40304552217377, 987.9895819461219 2.888905577792533, 999.8216847073642 18.95608170339913, 996.0741947372893 47.12105126274668))
POLYGON ((940.8369051127786 714.671919311101, 996.9374702898925 656.7184381549627, 972.7485735295024 704.427762430681, 956.533965906451 727.478035004133, 940.8369051127786 714.671919311101))
POLYGON ((111.78754991864392 307.61686666839495, 126.83510599689151 253.10207185041833, 157.8786470931962 286.4185654774396, 164.704636001479 305.6471040978178, 158.30179480869987 321.4440248037678, 141.99618777395773 351.2351455919649, 111.78754991864392 307.61686666839495))
POLYGON ((386.5141998311884 6.391365225403067, 474.4349384820249 21.87944379701312, 415.4078544868807 59.29067830760382, 379.55952282372385 62.98911552538611, 358.51093531575094 51.92772771140608, 365.02280168290235 25.68380282114424, 369.5878928026316 17.943468778419568, 386.5141998311884 6.391365225403067))
POLYGON ((172.96005361012135 901.5404073135746, 131.4616052488753 853.287595669313, 161.2883284490837 862.5039472885667, 199.0476931491124 882.4935178956371, 200.5163675637025 890.2192885659181, 172.96005361012135 901.5404073135746))
POLYGON ((559.4282057070861 393.35535569229916, 620.3217533093655 370.73932247124685, 598.8136758689234 429.5444920207807, 567.2632972658778 419.64652017185034, 559.4282057070861 393.35535569229916))
POLYGON ((693.8071538876109 911.5744531242625, 697.1934150112446 900.124320159104, 739.2331577227149 892.7641949981423, 769.3457567945493 919.8897267620465, 781.1051779907029 972.4748652583506, 767.5653059945267 988.7542527132357, 701.7517152430997 988.6378865150333, 695.6246164908121 969.9987094631583, 693.8071538876109 911.5744531242625))
POLYGON ((551.8977840373168 862.7050441713103, 541.275874311387 830.4561246518354, 556.3174326029384 787.4877173985963, 591.5088297041227 785.232019478094, 609.7777101920088 785.4699638049539, 626.1808999716386 846.5402545198637, 551.8977840373168 862.7050441713103))
POLYGON ((858.5113846820345 485.8671305844584, 787.4254261286037 520.7849602392843, 793.8901700512356 456.03682936559676, 855.34988711738 464.4741663177516, 858.5113846820345 485.8671305844584))
POLYGON ((354.8336834816728 364.2024741953542, 329.4320189944461 433.06545492883475, 290.7505488925445 410.31765898133665, 284.8682861379804 406.7927526198272, 261.90940794384875 391.70309977838167, 299.17912441384544 355.76857820656494, 354.8336834816728 364.2024741953542))
POLYGON ((149.4049899407336 801.6875529763113, 157.21009705889676 739.7445217192105, 183.6809522169731 727.0286515809411, 203.63002330607327 737.6605317651713, 218.60671654633535 754.5706337440237, 192.6589859326573 788.100181110117, 181.09648857050342 793.5827248790047, 149.4049899407336 801.6875529763113))
POLYGON ((526.9132764740855 482.3106032001164, 518.4326351372953 533.1794099577451, 459.6077917024127 533.0130374897741, 454.05099006775174 521.8237102786248, 463.65760570704185 475.42203327639, 477.31370656503293 475.815465099797, 526.9132764740855 482.3106032001164))
POLYGON ((698.022639114195 38.675850578848035, 740.9890642806097 86.84582125865626, 673.5010165016465 116.63683371736589, 651.5351833381541 85.59041825438274, 679.0676119578926 54.892812926236154, 698.022639114195 38.675850578848035))
POLYGON ((841.030976773289 182.49523595068905, 865.6317828413431 218.38549282432916, 829.2553107942254 231.86048619179522, 764.2918784267112 202.74603197500818, 768.4466265046881 188.0575762692538, 778.8320291818153 186.9164864642717, 841.030976773289 182.49523595068905))
POLYGON ((3.360929501283527 760.4972987065893, 127.51872347847481 755.7166131796558, 119.04714779148395 825.3553066676592, 3.360929501283527 760.4972987065893))
POLYGON ((76.4364473551814 629.4739730569363, 29.256320609575948 584.4888618713776, 58.39639570219424 571.5237074409532, 111.36074622310255 594.9834583076168, 116.6544785237461 616.8823144365717, 76.4364473551814 629.4739730569363))
POLYGON ((884.6200473013953 974.727971077249, 912.4430850072778 948.3414442444058, 988.5087681135942 975.945294340698, 997.691391461287 996.8715138717637, 933.7698539539139 991.1945149580429, 891.9271893429013 982.6911772361766, 884.6200473013953 974.727971077249))
POLYGON ((844.1965211169996 837.5631318267465, 834.675258079782 807.3904981228608, 857.7911650429015 763.9873585722898, 885.3594126718194 749.6914383214255, 897.3312089543828 784.0323553830532, 909.8240645957861 825.2940194307392, 844.1965211169996 837.5631318267465))
POLYGON ((480.97242103987384 665.1959022375045, 535.7079464703064 633.7391711113689, 586.0870958720697 640.4767842178117, 589.9296014605665 661.3571442826702, 531.5526417740546 672.2133405326529, 480.97242103987384 665.1959022375045))
POLYGON ((974.6448062792446 164.11829419877066, 907.1597890900725 206.76339215191786, 913.285341793207 172.7213040967416, 928.6224027671514 134.01535654349817, 961.3649917593823 120.59534274197226, 964.3179575896594 129.1810010180695, 974.6448062792446 164.11829419877066))
POLYGON ((547.5062332276704 900.789148571956, 472.79646116063844 886.6998226628334, 451.0008115163607 873.0514460845752, 441.61445212767535 857.6548803385988, 450.61131758079733 843.306922895512, 498.19664276250006 814.0992481198671, 521.8927901373867 850.118099892863, 547.5062332276704 900.789148571956))
POLYGON ((769.4921547683376 542.6853353075635, 715.0179281974603 600.3520410721679, 705.984960643562 589.721190969902, 663.8720825096905 521.279138434329, 684.7202429437009 516.3777189124212, 730.2137092010594 527.029649421099, 765.3518350433401 536.9254695587811, 769.4921547683376 542.6853353075635))
POLYGON ((283.78397018798165 442.82516637044745, 292.7024438725737 480.9469083283484, 259.91017009714676 512.2732408729906, 255.5206978906577 516.1687428984037, 238.9496092701525 501.50501269608395, 216.23781617640125 453.9292528729989, 243.2373811413504 443.4074545384452, 283.78397018798165 442.82516637044745))
POLYGON ((766.3237615030907 375.5861411342123, 874.4372278666046 366.3902387575263, 813.0389020546328 412.60786941626293, 772.6629770533391 394.3408212491565, 767.2411234029634 390.77340546344, 766.3237615030907 375.5861411342123))
POLYGON ((44.58088792341475 117.47865530658419, 36.18917511451358 68.22807296135657, 81.77560542632634 57.439165418282975, 96.54209013396742 63.76158538500354, 44.58088792341475 117.47865530658419))
POLYGON ((574.3977671111006 101.66795040424303, 545.6776499302873 73.22630539527775, 553.2785825332174 13.196839785739156, 575.8812897950212 0.8905183154191976, 593.6251865213163 28.036764246338386, 592.960039750057 68.78016470486958, 588.4743965871536 86.0855106794084, 574.3977671111006 101.66795040424303))
POLYGON ((430.0726189899964 157.66579060376097, 387.33361224203964 97.07331068532964, 387.7987119832595 92.8506568188221, 471.6711637726502 44.230892734512864, 442.802136094443 123.07617627254486, 430.0726189899964 157.66579060376097))
POLYGON ((488.4872273922972 613.1899643581397, 486.5755814408346 599.1794484347162, 508.8680166956694 566.7847312641502, 510.36090852358706 565.7808621103886, 545.1275984791196 556.1585084610125, 553.979843893978 563.188530148639, 540.1685720997172 584.8393790074007, 488.4872273922972 613.1899643581397))
POLYGON ((972.5876769667171 631.3388990676117, 890.5032491553901 677.0737832905044, 887.5054609465564 676.7186698375576, 874.0672276290153 640.1603370808326, 871.4887144771153 617.895908836964, 928.90575126004 611.2157617826667, 959.4491063843782 609.4959081096237, 972.5876769667171 631.3388990676117))
POLYGON ((224.28544779512595 856.906605362605, 265.57388367948556 800.6918374954282, 306.08196558322965 896.8293073718083, 232.69352984755608 894.7773236524608, 224.28544779512595 856.906605362605))
POLYGON ((85.1160067293395 688.9920598867407, 62.32348437882995 703.1877252397747, 10.439231850175368 681.6295310911167, 3.199391935689744 641.8625838914423, 61.2003712684005 657.9226534023671, 85.1160067293395 688.9920598867407))
POLYGON ((122.03613799361001 448.62147335859856, 75.09764396628738 410.23779184052154, 99.19570452037607 396.27886531785083, 157.86361572524999 419.26305708686493, 125.50740756088585 445.84015348372674, 122.03613799361001 448.62147335859856))
POLYGON ((293.8253194084324 670.1829508497374, 287.2497187853542 642.38684532592, 310.0092310795201 611.43172836057, 326.28499808673087 599.2190666567104, 351.61054926299585 584.2125754381692, 343.20956038939653 605.5244892412879, 293.8253194084324 670.1829508497374))
POLYGON ((165.8785222652973 998.2452644749858, 157.7494777441001 939.0093212338505, 195.8260655885775 927.925218420249, 240.45093859387313 929.0017358614764, 247.60788763799536 964.0134141934801, 165.8785222652973 998.2452644749858))
POLYGON ((66.39785041011504 357.2124127060757, 82.10892714183704 328.1864941964117, 132.73217279456784 365.66658811999054, 97.54529918990961 373.23033698664074, 73.84206024713147 363.99957028058805, 66.39785041011504 357.2124127060757))
POLYGON ((789.6343995952957 786.4662642239248, 825.7185646509811 878.9017901410718, 806.3013657039477 892.2938886487842, 804.5525806776565 892.1426645557239, 750.5488023801075 881.2849911877412, 768.4572768663577 830.2640714423283, 789.6343995952957 786.4662642239248))
POLYGON ((724.919584878183 9.52213511331701, 780.3658627793222 15.83247155300116, 803.9301557217858 41.999875081199065, 762.7825318040393 29.192270284506105, 724.919584878183 9.52213511331701))
POLYGON ((533.4299937182886 188.16428847622257, 541.8184017122456 233.81866903754621, 518.6525024686842 270.58462254251737, 483.6281780298729 264.29450620661146, 481.0377836423735 238.324535194799, 490.15023480040895 202.4186175513708, 533.4299937182886 188.16428847622257))
POLYGON ((214.64263098279824 567.6782649182617, 198.61328973208668 606.197858945637, 159.8563038816525 603.8537753958353, 142.07744395652057 567.903929460184, 160.40862280788426 549.9320107311713, 172.12173176054512 538.5305672444208, 214.64263098279824 567.6782649182617))
POLYGON ((496.812500377954 428.39452555395064, 431.8584340639664 430.8873516932559, 466.5203461190718 386.14201844124386, 486.64458432532956 406.8967551155537, 496.812500377954 428.39452555395064))
POLYGON ((350.8638963413839 846.7494679384641, 314.34282882130805 817.00926098803, 335.26178603612146 786.9762283641169, 363.0130906259629 783.6843736196797, 390.1615458778421 792.9314195780897, 405.3005003395175 843.5517067164341, 350.8638963413839 846.7494679384641))
POLYGON ((433.68536554468915 802.0529420982489, 396.4064033395625 752.5637131412465, 415.38075730703736 722.1983100427128, 464.9602824301164 707.9765988097247, 472.2870773110495 736.4654262129158, 433.68536554468915 802.0529420982489))
POLYGON ((192.86707486476428 188.17319282292922, 223.36763921796876 219.33239032408713, 221.24948211779173 257.26455460527444, 217.5582254104539 279.809375697415, 183.08675310802093 273.78525843626664, 152.14102002092545 243.38832060093773, 153.57677606855913 211.18440201423317, 159.2313566604523 204.04875647619193, 192.86707486476428 188.17319282292922))
POLYGON ((919.9684796738414 19.735881008901334, 989.0104671862837 84.81723332157765, 976.9662803984911 95.76233559297897, 948.6907833292146 109.7900617991594, 927.4064546129739 73.6654794367122, 924.5292527548559 62.31572304176402, 919.9684796738414 19.735881008901334))
POLYGON ((289.04837513201534 107.6198113309862, 265.5429181823007 31.191658097082133, 278.7326386804022 13.798709589375346, 308.1116345871494 75.61258082245614, 300.4279276217501 98.14425811916938, 289.04837513201534 107.6198113309862))
POLYGON ((345.43953176821896 316.85896989110904, 327.37243062555024 296.26433443583346, 335.36908627276705 268.2793080672008, 351.8886853926504 237.08380444491317, 375.85598664806287 238.60219882162525, 402.78515523679204 297.33030728419453, 345.43953176821896 316.85896989110904))
