POLYGON ((84553.50979183026 6.302579556898788, 84648.2134670372 0.2440860606574413, 85343.50162081793 0.5390369852023114, 85442.84781561002 0.6823966015686456, 85535.60206682846 5.014414190943658, 85487.3731109507 7.637957389774796, 84682.84182622086 7.785420657475491, 84553.50979183026 6.302579556898788))
POLYGON ((25188.30867685048 6.45811636386365, 24575.52585148739 9.585505173321051, 24659.978102755464 1.2938621282512475, 24719.430527251076 0.7176989075518525, 24801.095150828623 0.1442625300180744, 25188.30867685048 6.45811636386365))
POLYGON ((57194.85154429157 1.018153709030084, 57427.04710969656 2.376728469688568, 57260.73581983388 4.578098974690944, 57043.63913580445 5.710303978493768, 57061.211774846866 1.1685395805267473, 57194.85154429157 1.018153709030084))
POLYGON ((44823.8654865238 5.763279624862514, 44972.583270993484 0.4278177036665642, 45166.84813073515 0.3884587192629374, 45360.48168432757 0.558488103537973, 45514.91288744447 2.896251619159563, 45305.567644947 8.541498950245213, 45225.92810604135 9.287847707245223, 45081.88660965415 9.950144275604815, 44958.55289659295 9.81080203558771, 44823.8654865238 5.763279624862514))
POLYGON ((7499.064347036322 0.9831008903653371, 7965.975863706764 0.1207618635550389, 8120.403484921712 6.872100747510447, 7980.19732378481 9.693073075509291, 7944.854091595266 9.720500338122381, 7585.986917746179 3.0862007941087466, 7499.064347036322 0.9831008903653371))
POLYGON ((71600.73804258488 9.326204202517426, 71318.12149426577 3.1894213338419597, 71358.39559223756 0.9300032712017203, 72127.35671134148 1.2102401466080026, 72140.54233092681 3.432920627877769, 72051.70286228503 6.979862840819195, 71600.73804258488 9.326204202517426))
POLYGON ((94523.09933663365 2.8500907809137486, 94262.51075705327 8.808287007410991, 94125.77097914986 4.820603331104047, 94001.42983750139 0.448830636401838, 94058.53418219893 0.1983635476437107, 94292.2660553039 0.9090736341573902, 94523.09933663365 2.8500907809137486))
POLYGON ((65436.37742445986 0.3840067112231982, 65613.04443136511 7.972107037052567, 65425.25944261175 8.975698165657548, 65164.29094252567 9.157474259866447, 65230.61489960954 2.1898768136414546, 65436.37742445986 0.3840067112231982))
POLYGON ((34946.34060477705 9.597800764458691, 34493.58388786182 1.9122932258987335, 34584.13769617236 0.1848465996074289, 34864.55680396603 0.5292391009074138, 35111.67050385827 1.4516753039664232, 34946.34060477705 9.597800764458691))
POLYGON ((16701.492018514797 2.4165459858477787, 16598.99208820055 7.515691450842267, 16392.94812705535 9.42883220174847, 16139.553799205885 9.567269452448786, 15908.65599243212 8.24888924931023, 15774.892276705887 4.417581059916442, 16276.160519325478 1.0294871045612108, 16701.492018514797 2.4165459858477787))
POLYGON ((1772.4879947859872 6.785034034533264, 1808.224003290182 0.9663199770270547, 1983.1823801155224 0.2199328008759149, 2361.442744229114 0.5206693242982618, 2417.1110222184543 3.5176974438999653, 2342.229790428063 6.850168017581856, 2253.711808925729 8.269422570326416, 1810.865400293926 7.9697413251557805, 1772.4879947859872 6.785034034533264))
POLYGON ((78009.66744853668 2.759234474166666, 78431.73643889572 5.92826019980794, 78188.67707272875 7.767042713558129, 77681.16572521372 9.299981024250162, 77493.08161132257 7.159523277581734, 77974.84227978201 2.879903330432719, 78009.66744853668 2.759234474166666))
POLYGON ((50842.22057897005 1.6509826961780594, 51800.38192832294 3.3702535021201454, 51558.286720014214 9.005314880964084, 51138.99253496965 9.9470748450823, 50968.82831054398 7.7010091984481335, 50842.22057897005 1.6509826961780594))
POLYGON ((40470.91038016974 7.9726271209193165, 39636.60413144001 6.774038913195942, 39695.18765866549 3.953219311026217, 39845.77458222328 1.6246380986391817, 40221.75269841566 4.537333460097828, 40283.01460081416 5.245050750436779, 40470.91038016974 7.9726271209193165))
POLYGON ((99577.05384633376 9.708692604240042, 99804.11101133474 0.7755301294536454, 99982.6077666661 2.7284438361709262, 99840.99258895134 8.861438258600788, 99815.79030631293 9.872101269009738, 99577.05384633376 9.708692604240042))
POLYGON ((29974.939493338326 5.540506358050978, 30910.488131740054 0.6616212864959459, 30887.94512210438 9.949651719184288, 30518.133251873947 9.944953650838633, 29992.337383893242 7.5033505604891, 29974.939493338326 5.540506358050978))
POLYGON ((22372.077748233598 0.8439547748288134, 22367.84249384769 9.340776545871321, 21781.304385604693 7.37368900993015, 21748.994231942554 6.475605170590265, 21849.502127894273 0.5617977491650861, 22161.434424033567 0.4469191680865969, 22372.077748233598 0.8439547748288134))
POLYGON ((60756.812749097844 8.800393018012262, 60723.80136911355 5.247200159948199, 61085.123795456566 3.387715433377908, 61268.016098228094 2.519576859749688, 61254.23933836396 7.279763800625858, 60756.812749097844 8.800393018012262))
POLYGON ((81738.90546289769 3.859906152579149, 81620.09871111222 7.043785399821846, 81341.17354092342 6.389977469444506, 81130.18075438205 4.958647140823016, 80992.84548148833 0.6729935397201137, 81568.41206967729 1.905470865804929, 81624.81764154718 2.130084484864221, 81738.90546289769 3.859906152579149))
POLYGON ((89740.09743304797 9.446069110551765, 89901.27898997744 1.0112131159020477, 90318.71133225212 0.8654473580989663, 90308.92513555613 5.576975060967493, 90201.73452123496 8.620588097613336, 89740.09743304797 9.446069110551765))
POLYGON ((68956.65992322504 0.5903214546469704, 69031.63494215108 1.3189653485890374, 68997.63203984745 9.110711834838291, 68890.5865899114 9.65632011183546, 68063.05927182393 9.854563908476807, 68445.42641482325 1.3185871579268538, 68956.65992322504 0.5903214546469704))
POLYGON ((10884.714115321149 2.883509665775381, 11292.289502742602 0.3781287354889718, 11829.713661679509 2.0720301732608846, 11981.153877974493 5.40610907073786, 11872.136425968627 8.179039752214456, 10726.852581921852 9.23623671659257, 10783.798763731013 6.901066463786999, 10884.714115321149 2.883509665775381))
POLYGON ((75319.93988959273 7.4933071434161755, 75296.74147512706 0.9074809684100393, 75520.08644939933 1.7023683689197422, 75751.45326544701 2.555376844885143, 75782.78767875538 2.8660176309598806, 75765.93868862321 3.6395421861442068, 75612.99742262332 8.244418066189688, 75528.34720588927 8.087457609089054, 75319.93988959273 7.4933071434161755))
POLYGON ((18483.763282472908 4.251378648741248, 18958.58264596323 0.3856695871645333, 19194.958167123455 0.7943198913615368, 19220.957925801897 5.881092395303494, 18984.237647692247 9.830292701875576, 18923.188343074693 9.993720204847953, 18728.97395207762 8.690143448356611, 18664.931806776407 8.051933049032563, 18483.763282472908 4.251378648741248))
POLYGON ((47227.15055201858 4.216889504739266, 47363.86204688547 9.038905606552323, 46994.16578487914 9.285562329772768, 46774.10399451621 9.049740998912347, 47014.23530676334 1.5965437869084664, 47033.30383971346 1.2001733042046703, 47227.15055201858 4.216889504739266))
POLYGON ((54083.11516062503 1.0466060052803539, 54658.07407174954 5.560217620264581, 54383.87969135556 8.285942461925012, 53763.86755609567 9.483055507500339, 53611.21574873762 8.172279411284952, 53620.390031425755 3.1150480207673326, 54083.11516062503 1.0466060052803539))
POLYGON ((42651.26587085409 0.6832743553496068, 43532.21989967147 1.6281930203917006, 43483.102174612344 2.773409737209481, 43185.04379626657 6.641340624938483, 42778.58812021909 8.321070524885718, 42691.12931470972 4.8597505522334075, 42651.26587085409 0.6832743553496068))
POLYGON ((5581.809837920105 8.093097857059359, 4900.170468972009 5.45204851281127, 4957.85869235007 2.457250755728161, 5581.809837920105 8.093097857059359))
POLYGON ((96627.68630894535 9.241563754394107, 96625.03676511641 0.0718007781247842, 96775.48395070253 0.2761916415112076, 97259.02083204682 2.3083678996976142, 97394.06962422254 3.0510026760870645, 97471.29067511405 8.306751015040863, 96627.68630894535 9.241563754394107))
POLYGON ((27849.955183850274 7.864048896230614, 27665.01762561103 1.3771888250317266, 27808.617170603324 0.8061688219080654, 28223.249918586247 0.1217850092871653, 28436.11211192829 1.2921398618781754, 28408.847958841754 4.3167028680988135, 28121.411788674177 8.66411483282057, 27849.955183850274 7.864048896230614))
POLYGON ((38257.71435572669 9.339216926448957, 38072.36771968966 0.9554371403130157, 38758.613285993204 1.4250093657166685, 38992.144362096056 2.261369805920662, 39097.86529230611 3.1346938457591955, 39374.58000814416 5.560807590648188, 39297.48128866986 9.25483681237122, 38257.71435572669 9.339216926448957))
POLYGON ((91486.19440735868 9.22247413735781, 91386.3722135396 8.224002406632025, 91495.37794645593 5.000370177383655, 91588.50474497164 2.4360768522982914, 92053.84850987601 0.3214364871365072, 91773.94647604275 6.880688617467885, 91486.19440735868 9.22247413735781))
POLYGON ((88759.25824643378 1.4379229079280387, 89290.53583197317 6.994712596555353, 89245.7828604186 9.10327829071808, 88342.90660181099 8.874916965104727, 88122.39796932777 8.010005833133887, 88462.58523407858 3.0596983349814035, 88759.25824643378 1.4379229079280387))
POLYGON ((63141.901711663406 4.774242865247608, 63585.36436951927 1.1227564222759956, 63838.28333963023 7.469669308717001, 63365.06444570918 8.415255009870465, 63141.901711663406 4.774242865247608))
POLYGON ((13285.245897844323 8.344003032202329, 12572.92486728342 3.552360591199284, 12896.25815083153 3.1042693371359342, 13212.311685154731 4.9954621872819, 13285.245897844323 8.344003032202329))
POLYGON ((394.1989050083139 5.2333904676474, 520.5182391237573 0.3917003872036617, 669.2207172003916 0.4725197880490395, 881.510725220458 2.760742043445843, 645.281064699299 7.7617733692390285, 394.1989050083139 5.2333904676474))
POLYGON ((79073.6291048402 0.1455397703016204, 79553.60494669188 0.1547454009883009, 79630.02530709562 2.0926745983121453, 79637.35007926493 6.552608781596856, 79620.88293702794 9.079332991175232, 79373.58833214169 9.484096697462718, 78527.76599591665 8.855367861565382, 78622.05255440976 4.2368225605729695, 78776.83887202757 1.1250523236144883, 79073.6291048402 0.1455397703016204))
POLYGON ((32542.794355554262 2.378112920250385, 32841.37797362245 8.000219880707263, 32563.34753872122 9.427899975188502, 32438.642477557634 9.713277878930155, 32197.204923968304 9.919733124308888, 32051.29229191196 2.801159655637777, 32048.37247041925 1.8406569128987194, 32164.124398120664 0.5346438442791912, 32542.794355554262 2.378112920250385))
POLYGON ((4727.825673665642 2.3703303098928274, 4729.702161576221 5.220079870247681, 4589.592667834386 7.6179946647357335, 4391.54226106716 9.99416928013503, 4153.9490582993 6.902185862990669, 3906.7752116990982 3.4480656259040146, 4130.7769697665035 1.2854907292110263, 4727.825673665642 2.3703303098928274))
POLYGON ((48669.32512291745 9.764630914908356, 48551.50543347884 6.459485826507532, 48799.97136016534 1.421913833083659, 49261.814426561614 0.6239483442378513, 48950.49442006799 7.435574650173107, 48669.32512291745 9.764630914908356))
POLYGON ((9321.349325406647 9.581156233729264, 9307.131452706497 5.124704667931677, 9517.273391588233 2.9358972978825646, 9983.336378529595 1.0284552146653414, 10448.157632711485 4.726916330207822, 10315.768660449465 8.411170070985884, 9527.514683477833 9.999394197834306, 9321.349325406647 9.581156233729264))
POLYGON ((59627.743898251174 8.741061934618816, 59818.18592461757 3.0580220847207262, 60005.30976156778 4.5327581692251275, 60118.35801911348 5.668828869465154, 60055.34737576842 7.8042699087062894, 59960.16031490167 9.055042461259175, 59627.743898251174 8.741061934618816))
POLYGON ((67617.35278967928 1.3267881670497073, 67662.76190435234 8.660800598871319, 66773.44815057181 8.569883572740627, 66746.72418675943 6.235314755521356, 67067.23055413477 1.2171649928608486, 67506.58460558065 1.168440135022235, 67617.35278967928 1.3267881670497073))
POLYGON ((73625.85352688629 0.0889981005500018, 73859.9026520168 3.9010084308817206, 73550.44686879095 8.207739618203176, 73233.34302571192 7.797136504169321, 73340.22249769901 2.426475009708706, 73406.87955419872 1.0626413941250945, 73625.85352688629 0.0889981005500018))
POLYGON ((98546.85132504106 1.2944892347454462, 98549.9351180872 6.41088788086496, 98001.34542892793 6.717194145076504, 97621.39094939597 2.4418806904231873, 97739.8306114265 0.3272428532352989, 98301.84836488013 0.2538350100454645, 98546.85132504106 1.2944892347454462))
POLYGON ((70298.87418638765 5.2194984902067, 70233.05875251692 0.9726008108960305, 71032.48333206777 5.553250194502887, 71041.28722124897 7.6271797369687295, 70885.14481235403 7.342102458078168, 70298.87418638765 5.2194984902067))
POLYGON ((20258.91419614666 4.691252120341871, 20740.96501438031 0.4835183035269175, 20824.448907319358 3.003156442631656, 20595.38528886663 4.493806929230963, 20258.91419614666 4.691252120341871))
POLYGON ((82664.93547765347 8.280163768572095, 82231.49892168144 3.4674923345572886, 82720.20283894827 0.3670834546126278, 82998.24220567594 0.4157686522842763, 82882.93126566026 8.112609011683684, 82664.93547765347 8.280163768572095))
POLYGON ((87351.82722728011 8.771981434659917, 87120.70220890314 2.17410434243396, 87269.99977505866 1.4615813493325347, 87396.36465156641 0.8815529843300651, 87709.19824409574 0.9769923573660644, 87843.30516938453 4.91573514650086, 87803.96368754671 5.693000266160281, 87351.82722728011 8.771981434659917))
POLYGON ((55278.830357027146 7.596796921580156, 54872.772322825644 1.6466895576183094, 55822.08099763687 0.0870990664155247, 56189.92210566503 0.6604257824846804, 56244.056435216604 3.248665065784638, 56117.93956592481 8.552689539435228, 56078.54899922612 9.450568050045367, 55278.830357027146 7.596796921580156))
POLYGON ((95786.27230531948 0.7991226941344953, 95921.1294359467 8.448371743928986, 95473.86975894186 9.661816397632174, 95463.081229321 5.336332437305499, 95480.19599402574 1.9306293579969136, 95786.27230531948 0.7991226941344953))
POLYGON ((13673.29807773835 6.611890414407884, 13688.594918513785 3.165620085637623, 14132.792765726675 4.477281303523554, 14409.89331242546 8.603851800322218, 13769.242068931431 7.641851742165371, 13673.29807773835 6.611890414407884))
POLYGON ((77221.12113710915 8.101853225980575, 76934.8939285362 9.855281103307199, 76696.58090818962 9.548512995795743, 76402.04878808331 9.10081668119073, 76330.38831683023 0.2161448239493602, 77101.477004117 3.2000731857385922, 77221.12113710915 8.101853225980575))
POLYGON ((26518.01523897581 6.875671373471811, 26836.967194720586 1.0956739997492515, 27270.158182965075 5.288319301577914, 27013.364093050317 9.078313369409956, 26819.923750502872 8.765894674098798, 26518.01523897581 6.875671373471811))
POLYGON ((41264.30338001108 0.2828365646249042, 41281.49210265236 7.151279763865395, 40910.747704771 9.939565413940334, 40702.27570174445 7.207614953274692, 40698.15285042896 5.710653576340611, 40757.96754524081 3.656873391805285, 41264.30338001108 0.2828365646249042))
POLYGON ((18308.153443558138 9.187794011628212, 17586.422637700904 9.77401799575421, 17776.323723706046 1.7576668105157711, 17950.962150244708 3.1288269240001485, 18308.153443558138 9.187794011628212))
POLYGON ((85657.92297775607 4.880458775150814, 85875.64540038435 1.6690605146485615, 86469.06730541286 3.9225746765849347, 86750.60683406648 7.545600582815676, 86683.1726152969 9.692988107441217, 86409.08994981593 9.871911831136247, 86260.7088843714 9.82733287771766, 85767.57401554627 8.299422986964778, 85657.92297775607 4.880458775150814))
POLYGON ((92181.45177268884 5.689706691197128, 92216.2756348296 1.1025655585208871, 92308.55450561308 0.8637397475807551, 92388.60405783485 0.9582489082616363, 92975.40051286377 5.967591592157641, 92926.24777855627 8.811954186192603, 92289.50355812671 8.202646661460145, 92181.45177268884 5.689706691197128))
POLYGON ((37824.08138687709 9.721503782916455, 36798.594549839414 9.437237170613711, 36968.21201361225 4.163477192521242, 37693.54863262369 0.2671525454572288, 37824.08138687709 9.721503782916455))
POLYGON ((43833.097346825656 7.280673485643243, 43924.23497269546 2.0195175614041982, 44078.893966752155 0.0389917709682575, 44498.17600188386 1.181163945246242, 44587.19431383195 3.348622013829959, 44574.72875233235 4.890322690087274, 44554.11839356129 7.386370453794414, 44340.53875687889 8.477560020204342, 44223.13978260177 8.831328591524816, 43833.097346825656 7.280673485643243))
POLYGON ((49666.493505143735 9.945298365840124, 49484.40345461411 4.005644599657197, 50165.20781958238 2.2505171781140385, 50521.77534810943 7.457791560752513, 49733.87676024047 9.766322410690446, 49666.493505143735 9.945298365840124))
POLYGON ((62560.210481816255 0.7750317806862173, 62685.97972992789 9.320043131823377, 62514.96212574876 8.27462166827419, 62206.46915793627 4.938140737862086, 62258.12537482547 1.6187046355404444, 62560.210481816255 0.7750317806862173))
POLYGON ((3242.1128303752434 7.867068397665228, 2628.7977349884973 7.12824963748378, 2682.89551263694 3.932107043935437, 3221.8982049372457 0.0390496183202349, 3574.1097460478486 0.9249763506898367, 3363.2390136162594 7.150992925896254, 3242.1128303752434 7.867068397665228))
POLYGON ((25497.877516422428 4.9869512371162745, 26029.348778266016 0.822846595703971, 26358.286934910302 7.584793295619834, 26309.94105559692 8.731689686761086, 26192.919457180884 9.301322856708472, 25505.667565013922 7.479315259080289, 25497.877516422428 4.9869512371162745))
POLYGON ((28611.951358952636 3.0570241325115344, 29635.101934050712 1.5111193431266545, 29536.235826341428 7.443866417487853, 28624.831953264307 9.267406657435274, 28611.951358952636 3.0570241325115344))
POLYGON ((58888.25667989275 9.859779542023537, 58668.89994001591 2.1830517365882898, 58934.521179185125 1.0610843265001624, 59265.52787854667 0.7053120318588235, 59260.17274327836 9.380098175521216, 58888.25667989275 9.859779542023537))
POLYGON ((52354.53822414418 9.287987024854084, 52136.897452489764 2.08962250746764, 52538.8385756095 3.9083945611897084, 52694.89483637404 9.831689547042266, 52354.53822414418 9.287987024854084))
POLYGON ((23047.552931495353 6.3378767419775786, 23031.269814599666 0.0973767750744026, 23315.78468329385 2.108675665111268, 23478.354043467865 9.37508606266454, 23047.552931495353 6.3378767419775786))
POLYGON ((61431.365733047416 8.465387694829928, 61499.50177544954 0.3853668733571192, 61956.60442346201 0.6234248210342863, 62053.09168462443 2.2111796453201658, 61972.46488845136 3.7495845162329946, 61431.365733047416 8.465387694829928))
POLYGON ((69317.62599440796 5.724574165150978, 69943.26816572757 0.1952293776590741, 70049.19350550724 0.4894642961011098, 70095.70858335136 8.90001742754563, 70011.97723896182 9.595707468004179, 69870.07064265363 9.98040009362119, 69634.22522509254 9.690207804329248, 69562.73153768928 8.949990873758995, 69317.62599440796 5.724574165150978))
POLYGON ((41756.76838888675 8.915821856764687, 41465.29815570274 0.4623009212161289, 41473.78339083298 0.4343131379233356, 42124.31598634437 0.4357274291900704, 42246.216998500175 5.969661831280334, 42042.40985189231 8.879938357736139, 41756.76838888675 8.915821856764687))
POLYGON ((83489.4085962481 9.27175497157316, 83392.76768520838 8.074846754237848, 83402.84201297877 6.283143931930123, 83674.32324277218 0.6483823708427605, 84386.21754876211 0.3852275705716746, 84260.11770744651 8.350631401289291, 83489.4085962481 9.27175497157316))
POLYGON ((21611.227580786486 2.6701565652026273, 21513.237365442306 8.056373275252593, 21139.412053165073 7.593753491863988, 20948.85040609156 1.1759616520298855, 21076.65066320493 0.3399710422580482, 21556.98053295765 1.216760649806451, 21611.227580786486 2.6701565652026273))
POLYGON ((15669.14510630747 4.887651961530219, 15643.848405107163 7.402403617314405, 15091.816772655331 6.145890739676384, 14740.075627174332 3.6646037346925473, 14689.119997425149 0.3757957110383536, 15110.741202848376 0.897441375897583, 15303.765920710877 1.3674364526457983, 15489.25791940452 2.150291910558452, 15669.14510630747 4.887651961530219))
POLYGON ((6954.48090125751 9.08085454395492, 6613.515298416439 0.4659219059906594, 7103.952445296735 2.1547033329259313, 7250.564736859333 3.514475967334769, 7307.6965265319595 6.957101315361944, 7295.697271575874 7.69870106468291, 6954.48090125751 9.08085454395492))
POLYGON ((75109.21900072481 0.4345159917283292, 75075.09189284581 9.822903608747385, 74642.7466050247 8.834402773776125, 74153.9061294491 6.755745987974564, 74184.53097802612 1.2491551473389817, 74273.2232912768 1.1238643530088965, 74762.41220957288 0.654333767492804, 75109.21900072481 0.4345159917283292))
POLYGON ((79852.30660331709 3.943152042934226, 80112.9176162936 0.7087844926753772, 80685.041976538 1.3108148631702488, 80776.19960844853 2.0753246201940447, 80563.67061075139 6.3978368990455445, 80206.60765215689 9.188263879737084, 79899.76656544849 6.5381460149999535, 79852.30660331709 3.943152042934226))
POLYGON ((60198.3778496149 5.5515668728678245, 60391.02657995488 1.6837805117466265, 60636.100558981474 6.384122475485695, 60453.69737131271 9.682409898274347, 60198.3778496149 5.5515668728678245))
POLYGON ((65861.59252173259 9.159413751648323, 65846.17434934892 4.8549805535012505, 65927.6271245538 0.4561828505078624, 66546.26165715026 3.3739713049771733, 66540.06815783157 7.300407048677116, 66163.41323126624 8.540430469213478, 65861.59252173259 9.159413751648323))
POLYGON ((33744.61008908067 7.305517420689798, 33063.50091640745 9.497824513929082, 33172.6894151971 8.346333537633909, 33529.68963897969 4.977060047360733, 34097.09627327107 1.924430363865326, 34176.84168996945 2.197002792302505, 33744.61008908067 7.305517420689798))
POLYGON ((35680.82457595842 0.9175200944366735, 36091.42669252194 7.6991470299876985, 35800.130971970924 9.415159208415071, 35193.29423280437 5.925005768976189, 35226.272266768334 2.931001053440676, 35411.153150317085 0.4301847161475347, 35680.82457595842 0.9175200944366735))
POLYGON ((72266.92860699655 6.228666875258121, 72423.6596855972 0.3056987185370896, 72898.7103302566 0.9223048707706982, 72915.15373378432 5.612537411369965, 72704.5508376528 9.818793681402456, 72270.96340259328 9.513502948469256, 72266.92860699655 6.228666875258121))
POLYGON ((31215.462914630032 6.342358854613845, 31490.739243470143 0.6842138873710202, 31755.328806483674 5.7927792698056475, 31456.74176165032 6.8105035543974015, 31215.462914630032 6.342358854613845))
POLYGON ((8646.31932675588 6.967267603063565, 8696.261950037353 3.0765239128692903, 9125.451473898238 5.986277542097689, 8695.491950938216 7.300025945830812, 8646.31932675588 6.967267603063565))
POLYGON ((17415.995356096082 4.231683238550432, 17405.82849238428 8.812064465420956, 16975.685626816972 7.070750782906915, 16847.943018949853 2.3191151131359478, 17306.32635831456 1.1815613105065281, 17415.995356096082 4.231683238550432))
POLYGON ((57907.87162350194 5.3706400550153885, 57611.600610465044 1.9431142745258734, 58188.35624972118 1.9025124042056107, 58304.37919278325 1.960955538770096, 57907.87162350194 5.3706400550153885))
POLYGON ((48368.00012068281 2.2196756561430186, 48354.38687418717 6.855543901551776, 48106.16078527305 9.40687424614729, 47692.00084813193 6.713790451386501, 47677.99631282561 3.7602545387295914, 47865.92303532419 1.2318325285842968, 48312.68396204128 1.2727909989591624, 48368.00012068281 2.2196756561430186))
POLYGON ((46149.69992769509 2.7842520191031097, 46022.22488134405 7.775561428055001, 45759.3940048089 6.78412734538205, 45713.446531009664 4.264012328702562, 46037.96921479032 0.1260280387298374, 46149.69992769509 2.7842520191031097))
POLYGON ((90716.23955861303 3.922197813801891, 90733.35494088977 1.3199260401110668, 90809.8928951362 1.8281065926928552, 91139.50128041206 7.396282365328135, 91229.6440554622 8.919325342753016, 91212.4142007503 9.20348160699765, 90716.23955861303 3.922197813801891))
POLYGON ((22882.513073650134 3.8806475097703688, 22933.97566661761 9.28857253592922, 22696.19001374449 9.136993367240517, 22436.768963698905 0.7345659410117367, 22610.63954189856 1.2499400257962323, 22882.513073650134 3.8806475097703688))
POLYGON ((19526.665335063553 9.362030794957825, 19812.670162986346 5.195042204416332, 19966.71230910202 9.482874626856843, 19742.004984515283 9.535228211438525, 19555.65167626113 9.557904265847654, 19526.665335063553 9.362030794957825))
POLYGON ((63989.08015927115 7.4351780049549685, 64031.73787133547 0.1083524909849587, 64636.31508767848 2.5277653601588437, 64673.89262254769 8.756357616943452, 64472.478150566814 9.855767099705655, 63989.08015927115 7.4351780049549685))
POLYGON ((53373.94274367882 3.1808401386334895, 52818.60172061339 4.008013331320672, 52967.10445078003 1.652269568968756, 53311.87416467773 2.7535703051227154, 53373.94274367882 3.1808401386334895))
POLYGON ((24439.29014489541 2.640556886969818, 24405.863696577235 8.969245167592966, 24300.76757638041 8.399924194470529, 23884.92057440227 5.803047924635093, 23732.32450862873 0.3139994197479756, 24144.792808057613 0.4005720363214094, 24332.80433123973 0.8172208182812191, 24439.29014489541 2.640556886969818))
POLYGON ((1275.0947298335814 2.076814471997046, 1589.5397062608563 3.167771530908926, 1541.8903712340782 4.988908751631191, 998.8180545541292 9.886403674803251, 1037.9885491056727 2.5398819529650583, 1275.0947298335814 2.076814471997046))
POLYGON ((5826.20586131416 7.999171086864529, 5987.750147670335 0.4828465653577385, 6263.249949666539 2.231202451624452, 6471.9838472290685 8.379593043277628, 6135.350720910948 8.856157213283792, 5826.20586131416 7.999171086864529))
POLYGON ((93214.17282102254 9.540431416429337, 93145.88849058814 2.492323247872761, 93588.50810348812 1.5027711157959611, 93779.22680472088 1.7529537689280872, 93830.84600668197 8.393294698491127, 93469.48042856986 9.494463299141994, 93214.17282102254 9.540431416429337))
POLYGON ((95243.35514308375 8.400576409876948, 94757.17640102562 8.609286641849014, 94786.07022494581 6.782403387179751, 94866.01184967562 5.213781505161833, 95140.75036233914 2.623155527542911, 95243.35514308375 8.400576409876948))
POLYGON ((332.77899972273815 3.8193890573631286, 22.553987826678945 6.919664306801568, 38.74242347650103 0.0532012156834927, 332.77899972273815 3.8193890573631286))
POLYGON ((98976.9670812424 0.6305456218691519, 99339.61394487674 1.960605825804631, 99366.88194100487 8.1261769821067, 99212.24318703591 6.26801181068307, 98976.9670812424 0.6305456218691519))
